# Created by Octave 8.4.0, Sun Jan 12 00:29:22 2025 CET <rt@rt-Victus>
# name: trReport
# type: matrix
# rows: 50
# columns: 4
 1 24.264055013656616 0.15573333333333333 0.1696
 2 24.455402851104736 0.14213333333333333 0.1583
 3 24.92829704284668 0.1328 0.1497
 4 25.190429210662842 0.12758333333333333 0.14460000000000001
 5 24.895010948181152 0.1227 0.14180000000000001
 6 25.153829097747803 0.1174 0.1386
 7 25.115083932876587 0.1134 0.1368
 8 25.109189987182617 0.10941666666666666 0.13350000000000001
 9 25.252388954162598 0.10668333333333334 0.13170000000000001
 10 25.545717000961304 0.10441666666666667 0.1298
 11 25.472978115081787 0.10236666666666666 0.129
 12 25.432342052459717 0.10023333333333333 0.12839999999999999
 13 25.643385887145996 0.098616666666666672 0.12839999999999999
 14 25.80028510093689 0.096683333333333329 0.127
 15 25.517606973648071 0.095233333333333337 0.12759999999999999
 16 25.772998094558716 0.094200000000000006 0.12690000000000001
 17 25.603583097457886 0.093083333333333337 0.12570000000000001
 18 26.02480411529541 0.091866666666666666 0.12690000000000001
 19 25.628525972366333 0.090483333333333332 0.12690000000000001
 20 25.591881990432739 0.089749999999999996 0.12609999999999999
 21 26.089656829833984 0.089050000000000004 0.12590000000000001
 22 26.521282911300659 0.087816666666666668 0.1249
 23 25.68403697013855 0.08745 0.1245
 24 25.910546064376831 0.087016666666666673 0.12470000000000001
 25 26.429140090942383 0.086316666666666667 0.1246
 26 26.01804518699646 0.086033333333333337 0.12529999999999999
 27 26.101364135742188 0.085533333333333336 0.12509999999999999
 28 26.057947874069214 0.08508333333333333 0.1255
 29 25.688169002532959 0.084383333333333338 0.126
 30 26.245904207229614 0.083650000000000002 0.12529999999999999
 31 26.682536125183105 0.083183333333333331 0.12570000000000001
 32 26.394098043441772 0.082733333333333339 0.126
 33 26.30765700340271 0.082100000000000006 0.12590000000000001
 34 27.168962001800537 0.081866666666666671 0.1258
 35 27.015393972396851 0.081750000000000003 0.12659999999999999
 36 26.131026029586792 0.081633333333333336 0.1268
 37 28.092689990997314 0.08165 0.1278
 38 26.172131061553955 0.081783333333333333 0.12790000000000001
 39 27.114902019500732 0.081733333333333338 0.12889999999999999
 40 27.115742921829224 0.081566666666666662 0.1288
 41 26.19017505645752 0.08143333333333333 0.12839999999999999
 42 26.130321979522705 0.0814 0.12870000000000001
 43 36.657418012619019 0.081699999999999995 0.12909999999999999
 44 41.462054014205933 0.081466666666666673 0.12859999999999999
 45 39.129508018493652 0.081199999999999994 0.12820000000000001
 46 26.801133871078491 0.080116666666666669 0.12690000000000001
 47 26.301804065704346 0.07796666666666667 0.12509999999999999
 48 26.669486045837402 0.076050000000000006 0.12429999999999999
 49 26.465802907943726 0.075249999999999997 0.1241
 50 26.515367031097412 0.074683333333333338 0.1235


