# Created by Octave 8.4.0, Sun Jan 12 15:23:30 2025 CET <rt@rt-Victus>
# name: trReport
# type: matrix
# rows: 50
# columns: 4
 1 19.066384077072144 0.16568333333333332 0.17929999999999999
 2 19.297961950302124 0.14835000000000001 0.1651
 3 19.394747972488403 0.13958333333333334 0.15570000000000001
 4 19.548413991928101 0.13328333333333334 0.14899999999999999
 5 19.55804181098938 0.12823333333333334 0.1452
 6 20.274060964584351 0.1242 0.1431
 7 20.336372852325439 0.1205 0.14000000000000001
 8 20.409120082855225 0.11658333333333333 0.13789999999999999
 9 19.574976921081543 0.11366666666666667 0.1356
 10 19.507751226425171 0.1116 0.13389999999999999
 11 20.460513114929199 0.10911666666666667 0.1326
 12 20.61490797996521 0.10736666666666667 0.1305
 13 20.410232067108154 0.10523333333333333 0.1293
 14 19.735920906066895 0.1033 0.12889999999999999
 15 20.798550844192505 0.10135 0.1283
 16 19.652304172515869 0.099833333333333329 0.1275
 17 19.842877149581909 0.098666666666666666 0.1268
 18 19.722357988357544 0.097350000000000006 0.12659999999999999
 19 19.964114904403687 0.096316666666666662 0.126
 20 19.756516933441162 0.094899999999999998 0.1258
 21 19.821945190429688 0.094149999999999998 0.12520000000000001
 22 20.03459906578064 0.093166666666666662 0.12520000000000001
 23 20.07569408416748 0.092033333333333328 0.12509999999999999
 24 19.970070838928223 0.090966666666666668 0.12479999999999999
 25 19.841683149337769 0.089883333333333329 0.1239
 26 20.0574049949646 0.089200000000000002 0.1236
 27 20.79288911819458 0.088133333333333327 0.12330000000000001
 28 20.666328907012939 0.087099999999999997 0.12230000000000001
 29 20.78056788444519 0.086449999999999999 0.1221
 30 19.841901063919067 0.085599999999999996 0.1215
 31 20.056808948516846 0.084849999999999995 0.1211
 32 20.128206968307495 0.084083333333333329 0.12139999999999999
 33 20.007102012634277 0.083433333333333332 0.1215
 34 20.15872597694397 0.082583333333333328 0.1215
 35 20.165188074111938 0.081716666666666674 0.12139999999999999
 36 20.050107002258301 0.081166666666666665 0.1212
 37 20.096015930175781 0.080199999999999994 0.1205
 38 20.079607009887695 0.079783333333333331 0.12039999999999999
 39 20.058454036712646 0.079200000000000007 0.11990000000000001
 40 20.174489974975586 0.078583333333333338 0.1195
 41 20.370795011520386 0.077850000000000003 0.11940000000000001
 42 20.126424074172974 0.077100000000000002 0.11940000000000001
 43 20.110029935836792 0.076516666666666663 0.1193
 44 20.010436773300171 0.075999999999999998 0.11940000000000001
 45 20.874051094055176 0.075483333333333333 0.1188
 46 20.218616962432861 0.074749999999999997 0.1192
 47 19.965441942214966 0.074399999999999994 0.1192
 48 20.896743059158325 0.073749999999999996 0.1196
 49 20.741269111633301 0.073349999999999999 0.11990000000000001
 50 21.025017976760864 0.073183333333333336 0.11990000000000001


