# Created by Octave 8.4.0, Sun Jan 12 17:34:41 2025 CET <rt@rt-Victus>
# name: trReport
# type: matrix
# rows: 50
# columns: 4
 1 19.999613046646118 0.15195 0.16650000000000001
 2 20.512947082519531 0.13950000000000001 0.15620000000000001
 3 20.666316032409668 0.13528333333333334 0.15390000000000001
 4 20.210805892944336 0.12846666666666667 0.14729999999999999
 5 20.296115875244141 0.125 0.14580000000000001
 6 20.206192016601562 0.11883333333333333 0.14230000000000001
 7 20.188894987106323 0.11943333333333334 0.1434
 8 20.335966110229492 0.11523333333333333 0.1411
 9 20.301251888275146 0.10996666666666667 0.13589999999999999
 10 20.405542135238647 0.112 0.13780000000000001
 11 20.829190015792847 0.10829999999999999 0.13619999999999999
 12 20.457134008407593 0.10273333333333333 0.1323
 13 20.795423984527588 0.10091666666666667 0.1303
 14 20.446813821792603 0.09746666666666666 0.12770000000000001
 15 20.154169082641602 0.095149999999999998 0.12820000000000001
 16 20.17592191696167 0.095299999999999996 0.12859999999999999
 17 20.232940912246704 0.094983333333333336 0.12570000000000001
 18 20.126468896865845 0.095766666666666667 0.1265
 19 20.131325006484985 0.092533333333333329 0.1283
 20 20.42152214050293 0.092799999999999994 0.12909999999999999
 21 20.380510091781616 0.090733333333333333 0.12770000000000001
 22 20.530756950378418 0.089249999999999996 0.127
 23 20.319736003875732 0.096633333333333335 0.12989999999999999
 24 20.324609994888306 0.086249999999999993 0.12670000000000001
 25 20.357753038406372 0.088400000000000006 0.1273
 26 20.384033918380737 0.088416666666666671 0.1263
 27 20.615818023681641 0.088749999999999996 0.12820000000000001
 28 20.556617021560669 0.090083333333333335 0.12989999999999999
 29 20.245649099349976 0.085949999999999999 0.12720000000000001
 30 20.556276082992554 0.083916666666666667 0.12479999999999999
 31 20.490869998931885 0.086333333333333331 0.12670000000000001
 32 20.467955112457275 0.084866666666666674 0.1275
 33 20.434305906295776 0.086550000000000002 0.12989999999999999
 34 20.506255149841309 0.083416666666666667 0.1255
 35 20.493964910507202 0.079633333333333334 0.12379999999999999
 36 20.417571067810059 0.082933333333333331 0.12959999999999999
 37 20.46933388710022 0.082916666666666666 0.12809999999999999
 38 20.93063497543335 0.081583333333333327 0.12770000000000001
 39 20.53941798210144 0.080933333333333329 0.12479999999999999
 40 22.056432008743286 0.088383333333333328 0.1361
 41 23.685764074325562 0.088083333333333333 0.1293
 42 23.081943988800049 0.08221666666666666 0.12570000000000001
 43 22.204123973846436 0.080149999999999999 0.12470000000000001
 44 27.986387014389038 0.08143333333333333 0.1295
 45 22.795395851135254 0.083916666666666667 0.12659999999999999
 46 23.797359943389893 0.080566666666666661 0.1288
 47 21.05391001701355 0.077100000000000002 0.1239
 48 22.076655149459839 0.076766666666666664 0.1237
 49 22.267452955245972 0.080649999999999999 0.12939999999999999
 50 22.477499008178711 0.081000000000000003 0.1275


