# Created by Octave 8.4.0, Sun Jan 12 16:04:54 2025 CET <rt@rt-Victus>
# name: trReport
# type: matrix
# rows: 50
# columns: 4
 1 25.61180591583252 0.16541666666666666 0.17899999999999999
 2 23.799575090408325 0.14816666666666667 0.1643
 3 22.467028141021729 0.13853333333333334 0.1555
 4 23.549415826797485 0.13191666666666665 0.14949999999999999
 5 22.125643968582153 0.12656666666666666 0.1447
 6 23.857753038406372 0.1229 0.1419
 7 22.584958076477051 0.11923333333333333 0.1399
 8 24.764400005340576 0.11668333333333333 0.13719999999999999
 9 21.901801109313965 0.11416666666666667 0.13519999999999999
 10 22.576194047927856 0.11168333333333333 0.13420000000000001
 11 22.067203998565674 0.10958333333333334 0.13370000000000001
 12 22.306178092956543 0.10771666666666667 0.13239999999999999
 13 22.003407001495361 0.10603333333333333 0.13100000000000001
 14 22.121529102325439 0.10425 0.13059999999999999
 15 21.937108993530273 0.10251666666666667 0.13
 16 22.00074291229248 0.10121666666666666 0.1295
 17 22.018308162689209 0.10021666666666666 0.12920000000000001
 18 22.129574060440063 0.098750000000000004 0.12809999999999999
 19 22.017142057418823 0.09743333333333333 0.1275
 20 22.099900007247925 0.096016666666666667 0.12690000000000001
 21 22.797779083251953 0.09453333333333333 0.12670000000000001
 22 22.124746084213257 0.093316666666666673 0.12559999999999999
 23 22.697142124176025 0.092166666666666661 0.1249
 24 22.795458078384399 0.090999999999999998 0.12520000000000001
 25 23.106146812438965 0.089950000000000002 0.1245
 26 22.918460845947266 0.088833333333333334 0.1239
 27 23.152361869812012 0.087766666666666673 0.12379999999999999
 28 22.72945499420166 0.08663333333333334 0.1231
 29 22.732591867446899 0.085449999999999998 0.1225
 30 23.210633039474487 0.084483333333333327 0.12180000000000001
 31 22.778434038162231 0.083799999999999999 0.1212
 32 21.930801153182983 0.082966666666666661 0.12180000000000001
 33 22.013334035873413 0.082333333333333328 0.12130000000000001
 34 22.449790954589844 0.081233333333333338 0.1208
 35 22.127644062042236 0.080449999999999994 0.121
 36 22.219624996185303 0.079733333333333337 0.1215
 37 22.173352956771851 0.07881666666666666 0.12239999999999999
 38 22.297982215881348 0.078383333333333333 0.1227
 39 22.456277132034302 0.077766666666666664 0.1226
 40 22.410917043685913 0.077283333333333329 0.1221
 41 22.053363084793091 0.076683333333333339 0.122
 42 22.150219202041626 0.076233333333333334 0.12130000000000001
 43 22.48305606842041 0.076083333333333336 0.1211
 44 22.293626070022583 0.075899999999999995 0.12130000000000001
 45 22.302109003067017 0.075716666666666668 0.1211
 46 22.274533987045288 0.075366666666666665 0.12089999999999999
 47 22.223119974136353 0.074966666666666668 0.121
 48 22.228310823440552 0.074866666666666665 0.12130000000000001
 49 22.267947912216187 0.074833333333333335 0.1215
 50 22.351557016372681 0.07456666666666667 0.12130000000000001


