# Created by Octave 8.4.0, Wed Jan 08 23:49:29 2025 CET <rt@rt-Victus>
# name: trReport
# type: matrix
# rows: 50
# columns: 4
 1 24.059144020080566 0.16513333333333333 0.17780000000000001
 2 23.019818782806396 0.14773333333333333 0.16309999999999999
 3 21.862378120422363 0.13868333333333333 0.15629999999999999
 4 22.004112005233765 0.1323 0.15010000000000001
 5 22.236100912094116 0.12688333333333332 0.14549999999999999
 6 24.526282072067261 0.1229 0.1404
 7 24.299073934555054 0.11985 0.1376
 8 22.344159126281738 0.1171 0.13550000000000001
 9 23.266837120056152 0.11448333333333334 0.1343
 10 21.147835969924927 0.11205 0.1333
 11 21.201723098754883 0.11016666666666666 0.1328
 12 20.924581050872803 0.10848333333333333 0.13300000000000001
 13 20.322854995727539 0.10703333333333333 0.13139999999999999
 14 20.680817842483521 0.10543333333333334 0.13020000000000001
 15 20.722493171691895 0.10351666666666667 0.1293
 16 21.104392051696777 0.10181666666666667 0.1293
 17 21.551126003265381 0.10009999999999999 0.1278
 18 21.846933126449585 0.098433333333333331 0.12620000000000001
 19 22.324733018875122 0.096983333333333338 0.12529999999999999
 20 22.907601833343506 0.095766666666666667 0.125
 21 21.974081039428711 0.094149999999999998 0.1242
 22 21.976616144180298 0.092783333333333329 0.1246
 23 21.535845041275024 0.09141666666666666 0.1245
 24 21.859567165374756 0.090266666666666662 0.1242
 25 22.026709079742432 0.089016666666666661 0.12330000000000001
 26 23.193958044052124 0.087283333333333338 0.1225
 27 21.869107961654663 0.086249999999999993 0.12230000000000001
 28 23.436095952987671 0.085183333333333333 0.122
 29 21.955003976821899 0.083866666666666673 0.1216
 30 26.177026987075806 0.083116666666666672 0.121
 31 22.121989011764526 0.082233333333333339 0.1206
 32 21.6613609790802 0.08118333333333333 0.1201
 33 21.621985912322998 0.080216666666666672 0.11940000000000001
 34 21.375921010971069 0.079133333333333333 0.1191
 35 21.460087060928345 0.078366666666666668 0.1195
 36 21.867872953414917 0.077499999999999999 0.1192
 37 21.518360137939453 0.07693333333333334 0.1192
 38 21.609686136245728 0.076333333333333336 0.1193
 39 21.730924129486084 0.076016666666666663 0.1186
 40 21.558829784393311 0.075433333333333338 0.1183
 41 21.628108978271484 0.075216666666666668 0.1179
 42 21.630178928375244 0.074766666666666662 0.1183
 43 21.608062982559204 0.07403333333333334 0.11840000000000001
 44 21.63725209236145 0.073383333333333328 0.1181
 45 21.494915962219238 0.072800000000000004 0.11799999999999999
 46 21.701315879821777 0.072499999999999995 0.1182
 47 21.719230890274048 0.07195 0.1182
 48 21.604555130004883 0.071766666666666673 0.1179
 49 21.718776941299438 0.071349999999999997 0.11799999999999999
 50 21.821568965911865 0.070816666666666667 0.11799999999999999


