# Created by Octave 8.4.0, Sun Jan 12 20:18:51 2025 CET <rt@rt-Victus>
# name: trReport
# type: matrix
# rows: 50
# columns: 4
 1 27.124035120010376 0.13436666666666666 0.15440000000000001
 2 32.156059980392456 0.1181 0.14149999999999999
 3 31.77552604675293 0.10891666666666666 0.13519999999999999
 4 27.501355886459351 0.10141666666666667 0.13089999999999999
 5 27.950226068496704 0.094916666666666663 0.12889999999999999
 6 26.334253072738647 0.09035 0.1255
 7 25.799680948257446 0.087099999999999997 0.1239
 8 30.015723943710327 0.083183333333333331 0.12470000000000001
 9 25.403424978256226 0.080316666666666661 0.1234
 10 25.488688945770264 0.077683333333333326 0.12239999999999999
 11 28.456008911132812 0.075749999999999998 0.12230000000000001
 12 27.62251615524292 0.073400000000000007 0.12139999999999999
 13 28.260315179824829 0.070616666666666661 0.12180000000000001
 14 26.890357971191406 0.06905 0.1215
 15 30.131634950637817 0.067299999999999999 0.12039999999999999
 16 28.098763942718506 0.065516666666666667 0.1207
 17 29.265370845794678 0.063833333333333339 0.1221
 18 33.197975873947144 0.062399999999999997 0.12189999999999999
 19 25.067181825637817 0.06105 0.1221
 20 25.949891090393066 0.059633333333333337 0.12139999999999999
 21 27.968880891799927 0.058416666666666665 0.12139999999999999
 22 28.940987825393677 0.057766666666666668 0.1216
 23 27.958393096923828 0.057599999999999998 0.1221
 24 30.628998994827271 0.056333333333333332 0.1236
 25 27.58436107635498 0.054933333333333334 0.1234
 26 29.705771923065186 0.053366666666666666 0.12330000000000001
 27 28.975584030151367 0.0521 0.1221
 28 33.053819894790649 0.050983333333333332 0.1221
 29 28.828413963317871 0.049599999999999998 0.12089999999999999
 30 26.163770914077759 0.048233333333333336 0.12089999999999999
 31 24.905247926712036 0.047166666666666669 0.1208
 32 24.000010013580322 0.046483333333333335 0.12180000000000001
 33 23.749167919158936 0.045749999999999999 0.1221
 34 23.068274974822998 0.044983333333333334 0.1211
 35 23.743874073028564 0.044049999999999999 0.1221
 36 23.571061134338379 0.043233333333333332 0.12139999999999999
 37 23.234172105789185 0.042066666666666669 0.1211
 38 23.696531057357788 0.041300000000000003 0.12139999999999999
 39 23.903995037078857 0.041066666666666668 0.1215
 40 23.915319919586182 0.0402 0.12189999999999999
 41 23.357625961303711 0.039149999999999997 0.12230000000000001
 42 23.924734115600586 0.039100000000000003 0.1227
 43 23.549108982086182 0.037583333333333337 0.12130000000000001
 44 24.761831998825073 0.037749999999999999 0.12239999999999999
 45 23.983660221099854 0.036483333333333333 0.1217
 46 24.122582197189331 0.035549999999999998 0.12139999999999999
 47 24.265286922454834 0.034883333333333336 0.12189999999999999
 48 23.913042783737183 0.034583333333333334 0.121
 49 24.277551889419556 0.034233333333333331 0.12130000000000001
 50 24.28234601020813 0.033216666666666665 0.122


