# Created by Octave 8.4.0, Sun Jan 12 18:16:33 2025 CET <rt@rt-Victus>
# name: trReport
# type: matrix
# rows: 20
# columns: 4
 1 22.28915810585022 0.1275 0.14680000000000001
 2 22.993128061294556 0.11201666666666667 0.13689999999999999
 3 22.647089958190918 0.10271666666666666 0.13
 4 23.077096939086914 0.096199999999999994 0.12759999999999999
 5 23.219161033630371 0.091183333333333338 0.12590000000000001
 6 23.444863080978394 0.087283333333333338 0.1245
 7 23.836750984191895 0.084983333333333327 0.1241
 8 24.192090034484863 0.081699999999999995 0.12559999999999999
 9 24.248074054718018 0.078549999999999995 0.125
 10 24.203659057617188 0.076616666666666666 0.1237
 11 23.454955101013184 0.07406666666666667 0.1255
 12 23.153239011764526 0.072583333333333333 0.126
 13 23.318351030349731 0.070499999999999993 0.12659999999999999
 14 23.372940063476562 0.070016666666666671 0.12540000000000001
 15 23.598523139953613 0.069016666666666671 0.12509999999999999
 16 23.661166906356812 0.068233333333333326 0.12509999999999999
 17 24.110111951828003 0.068366666666666673 0.12839999999999999
 18 23.435928821563721 0.065799999999999997 0.12820000000000001
 19 23.526776075363159 0.066049999999999998 0.1278
 20 23.663841009140015 0.063733333333333336 0.127


