# Created by Octave 8.4.0, Sat Jan 11 23:45:11 2025 CET <rt@rt-Victus>
# name: trReport
# type: matrix
# rows: 50
# columns: 4
 1 26.2183518409729 0.15631666666666666 0.1699
 2 27.018545150756836 0.14241666666666666 0.15840000000000001
 3 27.089040040969849 0.13346666666666668 0.15049999999999999
 4 25.794095039367676 0.12806666666666666 0.1454
 5 26.549970149993896 0.12354999999999999 0.14149999999999999
 6 24.567930936813354 0.11808333333333333 0.1389
 7 25.337373018264771 0.11385000000000001 0.13639999999999999
 8 25.238445043563843 0.1101 0.1346
 9 25.290803909301758 0.1075 0.1321
 10 24.995195150375366 0.10543333333333334 0.13109999999999999
 11 25.470898866653442 0.1033 0.1298
 12 24.475711107254028 0.10138333333333334 0.1295
 13 24.990145921707153 0.09926666666666667 0.1293
 14 24.458246946334839 0.09743333333333333 0.1283
 15 24.434011936187744 0.095966666666666672 0.12809999999999999
 16 24.425348997116089 0.094549999999999995 0.1268
 17 25.453400135040283 0.093049999999999994 0.1268
 18 24.366419076919556 0.091800000000000007 0.126
 19 24.559346199035645 0.090583333333333335 0.12609999999999999
 20 24.390476942062378 0.088933333333333336 0.12529999999999999
 21 24.406677007675171 0.088066666666666668 0.1249
 22 24.434095859527588 0.086966666666666664 0.1241
 23 24.519030094146729 0.086033333333333337 0.1236
 24 24.724090099334717 0.085066666666666665 0.1232
 25 24.378679990768433 0.08455 0.1236
 26 24.416549921035767 0.084316666666666665 0.12479999999999999
 27 24.563131093978882 0.084233333333333327 0.1245
 28 24.382320165634155 0.083316666666666664 0.1237
 29 24.449364900588989 0.082583333333333328 0.12379999999999999
 30 24.418030023574829 0.081850000000000006 0.1234
 31 24.411273956298828 0.08115 0.12330000000000001
 32 24.704647064208984 0.080600000000000005 0.1232
 33 24.602573156356812 0.080049999999999996 0.12280000000000001
 34 25.555522918701172 0.079399999999999998 0.124
 35 25.432613134384155 0.078700000000000006 0.12479999999999999
 36 25.114981889724731 0.07828333333333333 0.1239
 37 25.007133960723877 0.077583333333333337 0.1241
 38 25.068825960159302 0.076649999999999996 0.12330000000000001
 39 25.066159963607788 0.075999999999999998 0.12330000000000001
 40 25.335376024246216 0.074983333333333332 0.1234
 41 25.255618810653687 0.074333333333333335 0.1234
 42 25.282663106918335 0.074050000000000005 0.123
 43 25.245646953582764 0.073866666666666664 0.1236
 44 24.62371301651001 0.073716666666666666 0.1235
 45 24.453577041625977 0.073550000000000004 0.123
 46 24.506517171859741 0.073700000000000002 0.1226
 47 24.459676027297974 0.073533333333333339 0.1222
 48 24.260684967041016 0.073616666666666664 0.12230000000000001
 49 24.624732971191406 0.074099999999999999 0.123
 50 24.510583162307739 0.073966666666666667 0.1227


