# Created by Octave 8.4.0, Sun Jan 12 18:37:35 2025 CET <rt@rt-Victus>
# name: trReport
# type: matrix
# rows: 50
# columns: 4
 1 19.757827043533325 0.16550000000000001 0.17849999999999999
 2 19.978143930435181 0.14858333333333335 0.1653
 3 20.12923789024353 0.13961666666666667 0.15690000000000001
 4 20.563091993331909 0.13335 0.152
 5 20.663525104522705 0.12845000000000001 0.14779999999999999
 6 20.983963012695312 0.12541666666666668 0.14369999999999999
 7 20.860974073410034 0.1222 0.13980000000000001
 8 20.898624897003174 0.1192 0.13789999999999999
 9 20.89317798614502 0.11584999999999999 0.1363
 10 20.84965705871582 0.11311666666666667 0.1346
 11 20.943964958190918 0.1109 0.13239999999999999
 12 20.923787117004395 0.10866666666666666 0.13159999999999999
 13 20.880327939987183 0.1069 0.13070000000000001
 14 20.991139888763428 0.10508333333333333 0.13009999999999999
 15 20.871475219726562 0.1032 0.12790000000000001
 16 21.050472021102905 0.10123333333333333 0.12820000000000001
 17 20.917364120483398 0.099566666666666664 0.1268
 18 21.225660085678101 0.098066666666666663 0.1263
 19 20.989689826965332 0.096833333333333327 0.12559999999999999
 20 21.13926887512207 0.095883333333333334 0.12609999999999999
 21 20.978643178939819 0.095049999999999996 0.1258
 22 21.046447038650513 0.093833333333333338 0.12509999999999999
 23 21.033528089523315 0.092716666666666669 0.1255
 24 21.096873044967651 0.092183333333333339 0.12540000000000001
 25 21.01331090927124 0.090816666666666671 0.12540000000000001
 26 21.083676099777222 0.089916666666666673 0.12529999999999999
 27 20.971976041793823 0.088666666666666671 0.12520000000000001
 28 21.073219060897827 0.087683333333333335 0.12540000000000001
 29 21.165338039398193 0.086900000000000005 0.1244
 30 21.019032001495361 0.085883333333333339 0.1239
 31 21.016125917434692 0.084983333333333327 0.1232
 32 21.059195995330811 0.084183333333333332 0.1229
 33 21.017292976379395 0.08351666666666667 0.12180000000000001
 34 21.437197923660278 0.082683333333333331 0.122
 35 21.530484914779663 0.081666666666666665 0.1225
 36 21.386680126190186 0.081100000000000005 0.12189999999999999
 37 21.174177885055542 0.080299999999999996 0.121
 38 21.676273107528687 0.079583333333333339 0.12
 39 21.341740131378174 0.079000000000000001 0.1202
 40 21.398724794387817 0.078549999999999995 0.1198
 41 21.346946954727173 0.077833333333333338 0.11990000000000001
 42 21.49471378326416 0.076999999999999999 0.1197
 43 21.430315971374512 0.076300000000000007 0.1198
 44 21.350679874420166 0.075683333333333339 0.1191
 45 21.4617760181427 0.075166666666666673 0.11940000000000001
 46 21.926599979400635 0.074716666666666667 0.1192
 47 21.12673020362854 0.073899999999999993 0.1191
 48 21.220638036727905 0.073200000000000001 0.1195
 49 21.306860208511353 0.072583333333333333 0.1192
 50 21.204182147979736 0.072166666666666671 0.11940000000000001


