# Created by Octave 8.4.0, Sun Jan 12 16:59:33 2025 CET <rt@rt-Victus>
# name: trReport
# type: matrix
# rows: 50
# columns: 4
 1 20.458179950714111 0.17843333333333333 0.19139999999999999
 2 20.4964439868927 0.1593 0.17449999999999999
 3 21.048102855682373 0.14995 0.16489999999999999
 4 21.101197004318237 0.14331666666666668 0.15909999999999999
 5 21.230432987213135 0.13789999999999999 0.15379999999999999
 6 21.28693699836731 0.13366666666666666 0.152
 7 21.344099998474121 0.12968333333333334 0.14810000000000001
 8 21.276998043060303 0.12740000000000001 0.14599999999999999
 9 21.38952112197876 0.12479999999999999 0.14380000000000001
 10 21.359204053878784 0.12248333333333333 0.1419
 11 21.317879915237427 0.12028333333333334 0.13969999999999999
 12 21.374006986618042 0.1181 0.1381
 13 21.619716882705688 0.11705 0.13569999999999999
 14 21.502388954162598 0.11545 0.1343
 15 21.526957988739014 0.11381666666666666 0.13289999999999999
 16 21.37703800201416 0.11244999999999999 0.13239999999999999
 17 21.313608884811401 0.11081666666666666 0.13120000000000001
 18 21.421220064163208 0.10965 0.13070000000000001
 19 21.527399063110352 0.10818333333333334 0.12959999999999999
 20 21.403640985488892 0.10715 0.1293
 21 21.459744930267334 0.10613333333333333 0.12870000000000001
 22 21.405956029891968 0.10511666666666666 0.1278
 23 21.46262788772583 0.10416666666666667 0.12740000000000001
 24 21.419107913970947 0.1032 0.12690000000000001
 25 21.283255815505981 0.10211666666666666 0.1263
 26 21.435739040374756 0.10103333333333334 0.1258
 27 21.559785842895508 0.10018333333333333 0.12609999999999999
 28 21.514353036880493 0.099400000000000002 0.12570000000000001
 29 21.440836906433105 0.098400000000000001 0.12529999999999999
 30 21.307781934738159 0.097350000000000006 0.125
 31 21.320641994476318 0.09665 0.125
 32 21.476777076721191 0.095949999999999994 0.12479999999999999
 33 21.601020097732544 0.095216666666666672 0.12429999999999999
 34 21.586648941040039 0.094416666666666663 0.124
 35 21.535156011581421 0.093616666666666667 0.12379999999999999
 36 21.321679830551147 0.093049999999999994 0.12379999999999999
 37 21.371186971664429 0.092083333333333336 0.12330000000000001
 38 21.538617849349976 0.091033333333333327 0.12330000000000001
 39 21.565078020095825 0.090333333333333335 0.1231
 40 21.570168018341064 0.089700000000000002 0.1229
 41 21.914738178253174 0.088900000000000007 0.1227
 42 21.589249849319458 0.088166666666666671 0.1225
 43 21.68091893196106 0.087533333333333338 0.12239999999999999
 44 21.691582202911377 0.086749999999999994 0.122
 45 21.611597061157227 0.085983333333333328 0.1221
 46 21.616508007049561 0.085533333333333336 0.122
 47 21.45573091506958 0.084733333333333327 0.12180000000000001
 48 21.474684000015259 0.084000000000000005 0.1215
 49 21.422269105911255 0.083433333333333332 0.12180000000000001
 50 21.346659898757935 0.082883333333333337 0.1217


