# Created by Octave 8.4.0, Sat Jan 11 22:56:50 2025 CET <rt@rt-Victus>
# name: rndstate
# type: uint32 matrix
# ndims: 2
 625 1
 846110136
 4019041381
 3033991239
 3854403698
 3574328663
 3352565961
 1767734024
 1244669142
 3136395644
 1005526372
 2872293201
 3611950468
 362144854
 3559307660
 4103737376
 3639314131
 2723895706
 3184532627
 2735919004
 493803208
 239825530
 4254629867
 344048873
 1819897081
 2048628155
 38048075
 2950932046
 4144217135
 1492089037
 2785323240
 4100131268
 598157761
 1762259668
 1261043164
 1257158551
 4235078547
 1491988525
 2622085568
 2337727136
 548502519
 1231505785
 403926328
 1354641079
 1391742780
 1333961033
 3103858304
 3970170618
 2973616193
 4143687346
 3950421173
 1233417632
 3569254967
 4214949827
 3405990043
 3394761773
 327838494
 2976678906
 2857118705
 196210365
 2195291170
 2856653039
 91169843
 1983100375
 1913369853
 2826049119
 3295911419
 1668777698
 194730114
 3309384992
 191535135
 2626903027
 1339400680
 1668013303
 3671101450
 894058564
 2990956374
 3477429932
 215707863
 1585086789
 3801535186
 2316560248
 756287156
 1122854583
 2802261719
 889261264
 72042453
 4062783223
 838200778
 1092427226
 694265191
 1174827744
 2611602175
 728205229
 1673773877
 1567742878
 3285375778
 2418549977
 427453365
 3437539339
 1054195980
 3203242084
 808111062
 926056522
 4241023941
 3358325104
 2373974385
 1056327262
 1877371096
 1209021943
 166265835
 731385589
 2743706375
 1748906635
 1706548971
 2752093723
 2903831402
 3490840572
 75491884
 2109129380
 1115713268
 3784924806
 3098609817
 2747998081
 2818270444
 1725312937
 217063071
 1842408841
 3495220123
 2241382638
 1836174204
 578723950
 2050321233
 3537746942
 2064274506
 1470069798
 1387463549
 4427447
 3685301046
 2477912236
 360618020
 3413323488
 3138632981
 98526765
 699687724
 174861451
 1852323589
 2497352954
 443913917
 3453600664
 3699593879
 2870224453
 399556456
 4206775932
 1455050136
 3575150023
 3025313358
 4294940442
 1980942119
 1485945948
 2614888005
 1702852255
 1357968583
 1598094257
 3720407444
 2207928480
 974848253
 1644175332
 1809068093
 4037133895
 2614330366
 217913565
 4025593516
 2752822550
 1441784978
 3729291273
 1181068431
 3025875785
 197829812
 1974497336
 2043083758
 3950297039
 1637681259
 199693002
 759238487
 326007282
 1052366118
 1403585217
 183734613
 1807905794
 3212745488
 3291584247
 1178486334
 2843116449
 3329214362
 1515980332
 3893130389
 3364908131
 96011082
 3931062445
 2766148395
 2595205556
 667585026
 275882337
 199858784
 3856577675
 1467951224
 2090666710
 2231974051
 3792529967
 2645677446
 1014539084
 3234353390
 1015017822
 2759041527
 651926875
 1541340209
 2210899510
 2200323470
 517740865
 1383047373
 2990087511
 1959349909
 2052458375
 3740924479
 4285694565
 3932922974
 2778193158
 1864260506
 1706962281
 1110298137
 1324810202
 3645432123
 4172445286
 1260754077
 2072566160
 587214357
 2948743772
 2142438561
 3640958206
 39780608
 1048056393
 1256091521
 1051000665
 691916343
 3183535234
 2689727500
 10930921
 1762300808
 3801987666
 1775332483
 4202496190
 3108563522
 3358256745
 3741426608
 2305533903
 3207878160
 3925198733
 2191494261
 3302063599
 4198345027
 4190162412
 4151234236
 2086422061
 720816528
 257986865
 3021025529
 2443273720
 2971945842
 2196860726
 2533190101
 1613356480
 4218171270
 737133999
 1768585046
 999835046
 4148321975
 3010288729
 2150383235
 3193500040
 3782230957
 2188668131
 2257362473
 996515071
 1996792158
 127744773
 880677063
 638062066
 867171731
 1725422281
 3103860967
 2727629667
 53528908
 4042836372
 2132859430
 3462270301
 3405443729
 1847428818
 3478472983
 4113171693
 52281454
 2902048054
 3511682518
 1065476767
 504777578
 2230506742
 398393504
 3922446570
 509724199
 4123327088
 4120406148
 1024076764
 1292153216
 3204522507
 1203898863
 2920212056
 21226676
 210401277
 2129751725
 2685963057
 1427978289
 257100571
 3442430398
 2655589271
 1466357945
 1065595966
 1870840212
 4279429397
 1989374154
 3481112137
 272165732
 3177323247
 704427204
 3456771856
 3615589040
 2066240469
 808628565
 1388273625
 1413824149
 717985432
 3731013405
 1188768082
 3638614798
 3204924701
 3677711617
 3784410579
 1829798652
 3903215795
 1168215641
 585638019
 2378469819
 2913284681
 2847853344
 4055900754
 290401527
 2995770418
 1296550953
 3187596448
 2218242977
 2091073071
 1342969313
 4136771114
 4206947420
 131052745
 3601625163
 229324354
 598450603
 3869665045
 442012765
 1363749995
 2730852721
 3347594953
 9229369
 3474209214
 2518413850
 1655305058
 2105483330
 1949787913
 591990818
 111084524
 613564210
 2328442609
 2350769075
 2743333678
 1880976177
 3716805617
 4152878439
 629517581
 526116797
 4092649092
 3510998927
 2564227965
 1319098711
 1510492
 3135336086
 3158902284
 2205218067
 680116947
 1453639992
 2987294456
 1688541457
 3350463133
 36852120
 4119618168
 350516197
 699202354
 2033272590
 2745761356
 1230561180
 4286722879
 3411689730
 1652198841
 1192093097
 290350561
 2045694371
 1768063104
 2542168917
 1554881046
 2005325350
 3636692291
 546972279
 590751360
 3905433253
 1053779648
 2979449007
 2576603500
 3461703911
 4004890549
 1040590972
 1271221448
 1064544196
 1766368093
 4000144050
 1348976814
 3694909303
 1538883541
 1556805994
 3911310053
 850245919
 1388866641
 767344151
 1406074551
 2458617515
 1365691945
 2283692794
 3288003447
 373940929
 2617407594
 3268416814
 1112092955
 2309644124
 800170136
 4026180555
 544980537
 1945091185
 2126250837
 3776054107
 401756728
 3138412929
 2988280457
 3119926557
 288761707
 1913924789
 146309794
 1646359971
 1849690421
 3955801526
 1533225193
 455075952
 1222027855
 101331290
 2189597161
 3254966268
 4290211212
 3815380499
 3888830780
 4098537718
 3607390614
 4180416903
 2362575635
 1904083858
 1809595358
 1921975323
 2721151781
 1472442860
 359481513
 1498313744
 3645895839
 3753885297
 1229994364
 1889731199
 4263445865
 2872387303
 613031728
 1156505288
 1034385179
 3005745809
 1153015287
 261915297
 608929353
 81628781
 3114918000
 3623730767
 1032920152
 412349598
 2996770247
 1116812032
 3844338705
 2664052700
 3328372885
 3953448404
 2597713270
 2898104788
 353772623
 912843839
 3528151146
 1549041338
 192694141
 2734168346
 2533978285
 554068416
 2038009363
 3314074448
 4121852103
 1780370807
 3913004463
 3002057693
 820788615
 235185477
 2671826504
 2155331027
 2123604794
 800173536
 404573543
 5732291
 1432917681
 2138776996
 3107793784
 2099828056
 2892537778
 2772399026
 2261802090
 1242133828
 2667016966
 3519992103
 2371209781
 1994904262
 3145037131
 3171575970
 1386201717
 4157229244
 2249358431
 131936224
 1038369169
 327495594
 144406625
 3150998729
 1587884032
 3164617743
 1363067245
 3723567803
 2738762210
 1056465422
 4262143502
 158649792
 2066620624
 3871246926
 34057729
 1859240685
 4093379296
 55758511
 3319636813
 3671005003
 3742625135
 4223583167
 3987591873
 877142741
 203506457
 3415821606
 49696727
 2675000269
 655204654
 2168909816
 1420541237
 1574384752
 463809094
 1632181543
 2701312095
 4049750706
 1029435376
 1822036183
 277963949
 2591180936
 144093426
 2086246130
 3528465067
 241218945
 1317507911
 2079376890
 2190695857
 4109219007
 1006317804
 1467252004
 2437592413
 3891090774
 3205534738
 2053181763
 1671651099
 1860944841
 3200078499
 2923529397
 3995632866
 3912179489
 3453558215
 521687108
 3624411519
 2847994577
 3934725863
 2890388141
 1913038369
 272082592
 2707266922
 2587910387
 3389142604
 1908313103
 623


