# Created by Octave 8.4.0, Wed Jan 08 23:31:08 2025 CET <rt@rt-Victus>
# name: rndstate
# type: uint32 matrix
# ndims: 2
 625 1
 2150896643
 2090506864
 3468452397
 3281080527
 2409461680
 961323867
 447658986
 4123506520
 103336139
 1128566126
 2081244759
 658685196
 2636468579
 213388674
 1857562245
 1081810966
 600753312
 1016663166
 644011597
 3703419247
 2415187347
 915842522
 2339251490
 717994981
 821405730
 2590256940
 1634961869
 3467545771
 994797555
 3026281553
 1433536546
 429422041
 3881778380
 4110211136
 2044106387
 2001139307
 3196573351
 2202599105
 1862888981
 3978702191
 3865109556
 3709521064
 3873495714
 3460739186
 2591551089
 1407349000
 171115790
 3211169892
 1391656180
 3148625625
 1604701530
 969334212
 394634816
 184595358
 2506738481
 3713072129
 1230735830
 3298497097
 3355615864
 3947944875
 2732701309
 1818801011
 1362529440
 1087123984
 3526031518
 3848215768
 793101180
 3176869739
 1626980260
 425446740
 1897965833
 817808072
 117565375
 818629449
 3748526510
 3768295247
 853117406
 1762507038
 3601290416
 1170374084
 1563085835
 4018801324
 3764268182
 2607346550
 3383695383
 331473717
 3629553126
 2570734089
 3998124210
 2451291497
 2391250854
 3645206036
 4176558627
 3030274481
 2254987219
 1858562234
 3189415863
 3376618637
 1220338666
 945685083
 587170350
 3177832582
 2401339386
 779662502
 3861751486
 971410474
 2839688995
 1133838265
 1402293380
 2257363236
 3067294221
 1508386679
 2950063929
 1446705878
 1981478225
 1478656408
 3283230038
 1811807014
 1661299551
 3793382675
 1760817462
 3660660501
 3072382366
 1778248510
 205030220
 1336804995
 3978806802
 3061481067
 650697359
 635368535
 479598824
 34619155
 2036079626
 3315150079
 4227666941
 3927665218
 2418866369
 2979934665
 2842516757
 3362326662
 3464423541
 1975700751
 1410257525
 968190826
 3379316569
 1260361924
 1943538088
 1482163914
 113760184
 4076070368
 1729532934
 948100072
 3122645019
 2846887455
 1855896309
 1177485194
 1789993933
 446367020
 1078965520
 4101796198
 2067587691
 2856556488
 695840401
 2590392990
 1384101455
 2719094716
 1568054663
 3540642388
 181016940
 3997371168
 433500535
 2492131814
 4131645110
 3204771805
 1695860388
 1625893029
 3621693609
 2105481876
 3849738749
 781891070
 3886412139
 4066573813
 3082220660
 1036217127
 1431855421
 727296514
 218175811
 2647591081
 3037022270
 3248844405
 2031364844
 798147061
 2212621813
 3949400049
 1544275910
 640113932
 1320671532
 1134986038
 1930119960
 3885491614
 2937123428
 1385214496
 2989990853
 3023100698
 1417379729
 3150193669
 2745748740
 2627241975
 1962909541
 47916824
 2230168223
 155200783
 3298779380
 1131259737
 2340047673
 152168750
 2175269906
 2798437305
 3486179989
 1388894739
 1072065099
 3809797970
 632050374
 1723108488
 552494160
 3019318189
 1817744442
 1583690223
 1870040784
 910125202
 2691302698
 1994943657
 1389419491
 4025705181
 3533632030
 735368375
 500220471
 3760835565
 3824464790
 2429722920
 1490508948
 3495091811
 1931271160
 475135400
 4081207441
 2547436371
 2478101643
 2921888462
 2812041836
 77226853
 3871855638
 1305654117
 153789617
 2727295347
 3222166270
 3170041422
 1692227496
 558030132
 2708706524
 1358912361
 3990584471
 1629260984
 2556083203
 2344806218
 4148929067
 4277643659
 1177051067
 1113224830
 1947490766
 3163388475
 1490324168
 2535037184
 3019436205
 1918664641
 3297076125
 2054118593
 3900475414
 3186408763
 4010787838
 605725423
 681247137
 268488163
 2624360242
 2678021985
 4021254483
 1345528349
 4184273781
 1458076566
 3298924303
 1981682794
 2770338602
 2755913889
 2790034395
 2682032354
 3676385105
 137688478
 1588336306
 850646474
 2818500460
 2481477902
 3916142977
 2248930041
 172035117
 3608202605
 147748290
 1711559591
 1361111226
 3539669271
 2993897246
 3324626334
 3307896364
 1339584483
 1444312875
 923861748
 1041074216
 322185163
 849908708
 172201716
 3943032292
 1456429647
 2459569993
 313346989
 3438337059
 3094898486
 962032666
 3120276847
 1775790090
 1989861614
 1578460143
 1980535751
 2791973
 541858118
 4005054137
 1443081680
 2063966039
 2817562007
 2823789233
 177645745
 1989661472
 1728627339
 3995651358
 2049569045
 1426206981
 3997548356
 3877700077
 1379316147
 1760122628
 3034223443
 933146503
 3951547245
 628167880
 3592546292
 502713782
 3505759853
 1987736463
 669256871
 1455807054
 728823897
 189119519
 1732607444
 2124399352
 3549460563
 3602357384
 2149426717
 3881860731
 2603682752
 4128640059
 891618311
 2662883746
 2278268996
 3860392777
 1304758931
 2297125981
 1038051973
 3564011160
 1199468481
 1799250531
 1381109559
 2296996170
 2187133201
 1637822715
 1191582118
 1580288867
 2306954453
 397146955
 3209518164
 1668642628
 1935784152
 2461816908
 1215637464
 3916131389
 2027414935
 672753420
 3894465922
 3604078071
 840704378
 1485489584
 3154629827
 4097963802
 1324903153
 1962325606
 2208394008
 2497842909
 630556690
 997031404
 107224904
 2183446327
 3809010848
 1626739710
 3038157123
 924819080
 1805558129
 323642058
 3189557358
 1693211271
 1052072783
 2978155928
 3934699344
 1837812248
 2978716193
 112654334
 472148726
 3303134414
 104703331
 3833788106
 717841271
 494480148
 1345886158
 672944654
 2659648391
 3485332740
 1691121703
 2231458456
 898789642
 4006233318
 2582296261
 2181033138
 950491869
 3862860083
 1747473059
 3646003343
 2385777650
 794011639
 2088919821
 2023237520
 2132482449
 574954324
 1014171857
 1877427243
 1097171387
 681398300
 3830066988
 4031492551
 608787094
 3721935800
 3255215119
 897542388
 3359960638
 2372826871
 3911819720
 778648423
 2837535348
 213270320
 4068227373
 4183635410
 1735124468
 563410422
 1260549148
 417735550
 1855606990
 3266162473
 337865406
 111883832
 1222788158
 117453711
 2136940980
 878205675
 2896083705
 286628506
 1246556959
 3732963663
 1420331340
 2200547212
 2677281907
 1497713506
 2844206671
 3124678792
 981584265
 3081440010
 1904154355
 1760096639
 1443276129
 1072076634
 1723039234
 1438840303
 2171657719
 1585117422
 3761363086
 1245008094
 2175119488
 595784318
 761622791
 1360278406
 2680759376
 3207546578
 3887426455
 245178708
 781333788
 3944117595
 1007266919
 3022116987
 4069023472
 3823327576
 1034480798
 1242598292
 2143640913
 3271608242
 1342482931
 4238675360
 3839915842
 1515434454
 2487402216
 355862537
 51577628
 2764581108
 2744598991
 3836851789
 330138965
 884144502
 3608104419
 1671478208
 3596870431
 2858522809
 2574310493
 155104943
 3177303362
 2236760796
 1081078452
 812841794
 1026816418
 611712685
 4131520417
 4008602993
 694560596
 904884741
 450306968
 106878818
 3643983139
 1632631355
 506485138
 3842263885
 3007157197
 3526915235
 77951502
 2360896288
 2746940256
 3670424894
 3413729944
 2691067182
 3998799533
 2773422428
 3830774028
 1592355699
 1717815288
 1595790762
 2100613501
 621854649
 2095216757
 992949359
 669293013
 4261109519
 894088935
 2486624260
 2780198449
 565014211
 386655768
 1031018236
 3241777206
 3470507010
 2965967363
 3076698901
 625462245
 302735776
 4163339612
 3427056967
 970287856
 3093517664
 2411354120
 1247009950
 2910044939
 1710713452
 2621060718
 2025279620
 2968869013
 2719959388
 3069999888
 1298390035
 2664390461
 3115955308
 3301052224
 980664678
 380084171
 233633540
 4021023443
 2476634034
 2414275055
 2336371143
 777302201
 3109937184
 2636973802
 799849476
 4256477468
 3239800955
 2816824605
 2956490566
 2781422189
 3183537617
 4027666917
 3569573663
 191935104
 505527751
 3849312922
 2581294496
 3247996782
 623


