# Created by Octave 8.4.0, Sat Dec 14 00:41:42 2024 CET <rt@rt-Victus>
# name: ovo40errors
# type: matrix
# rows: 10
# columns: 10
 0 0.0012633241215949467 0.011278511909771905 0.0071345611415297829 0.0030599235019124521 0.015955571227080394 0.0089519466261295498 0.0026255333114538889 0.0092576864277221001 0.0050539083557951479
 0 0 0.0080314960629921262 0.0091664724617416295 0.0029402415766052129 0.0038641782454986433 0.00094786729857819908 0.0039209656338894438 0.017311204637497021 0.0044125758411472701
 0 0 0 0.031350814790305236 0.017966101694915255 0.026452236576149046 0.023829572246547658 0.014726335596825657 0.034803963079007537 0.014697236919459141
 0 0 0 0 0.0045936690887830953 0.051159972299168972 0.0056436218773342189 0.013956114875766376 0.041729260557502923 0.021026490066225166
 0 0 0 0 0 0.011364645298765871 0.010799319727891157 0.011398364582472949 0.0071837851706148979 0.039860910864218474
 0 0 0 0 0 0 0.026721933151071523 0.0083005305493753217 0.045333569907735981 0.018117854001759016
 0 0 0 0 0 0 0 0.0011491422473939095 0.011725720112159062 0.0024437515800117974
 0 0 0 0 0 0 0 0 0.0099042588312974571 0.049042082855739313
 0 0 0 0 0 0 0 0 0 0.023135593220338983
 0 0 0 0 0 0 0 0 0 0


