# Created by Octave 8.4.0, Sat Dec 14 00:18:29 2024 CET <rt@rt-Victus>
# name: ovo40errors
# type: matrix
# rows: 10
# columns: 10
 0 0.00086853533359652587 0.011194343910445249 0.0072175211548033847 0.0033149171270718232 0.015867418899858956 0.0089519466261295498 0.002707581227436823 0.0092576864277221001 0.0048854447439353101
 0 0 0.0082677165354330708 0.0087003806416530716 0.0027018436109345202 0.0040286113623283727 0.0011848341232227489 0.0040747289920811868 0.017708250615421264 0.0042549838468205819
 0 0 0 0.031350814790305236 0.017881355932203389 0.026276474206872309 0.023408555069046818 0.014808148572363577 0.034126513676009822 0.015705047451079198
 0 0 0 0 0.0050947966257412509 0.051073407202216065 0.0054776329985890947 0.014117457244272345 0.041562343515272909 0.020612582781456952
 0 0 0 0 0 0.011364645298765871 0.010544217687074829 0.012059139340877179 0.0076969126828016765 0.040284963107454837
 0 0 0 0 0 0 0.024517153188111828 0.0077870956700325173 0.046930447125621007 0.017854001759014953
 0 0 0 0 0 0 0 0.0011491422473939095 0.011555782139519076 0.0017696132131119913
 0 0 0 0 0 0 0 0 0.010151865302079894 0.049042082855739313
 0 0 0 0 0 0 0 0 0 0.023389830508474575
 0 0 0 0 0 0 0 0 0 0


