# Created by Octave 8.4.0, Thu Nov 21 19:07:25 2024 CET <rt@rt-Victus>
# name: ovo40errors
# type: matrix
# rows: 10
# columns: 10
 0 0.00071061981839715756 0.011110175911118592 0.0073004811680769865 0.0030599235019124521 0.015691114245416079 0.0086141373194831526 0.0029537249753856252 0.0094275522337353493 0.0045485175202156338
 0 0 0.0080314960629921262 0.0087003806416530716 0.0030991735537190084 0.0039463948039135084 0.0015007898894154818 0.0042284923502729299 0.017708250615421264 0.0044125758411472701
 0 0 0 0.031433534618247994 0.019152542372881356 0.026627998945425783 0.023745368811047492 0.014971774523439417 0.034719281903632819 0.014865205341395817
 0 0 0 0 0.0050947966257412509 0.050554016620498618 0.0056436218773342189 0.014601484349790255 0.04189617759973293 0.020943708609271524
 0 0 0 0 0 0.011631004172955695 0.010884353741496598 0.011480961427273478 0.0071837851706148979 0.040200152658807567
 0 0 0 0 0 0 0.02434077079107505 0.0083005305493753217 0.046930447125621007 0.017941952506596307
 0 0 0 0 0 0 0 0.0011491422473939095 0.011725720112159062 0.0022752169882868461
 0 0 0 0 0 0 0 0 0.0099867943215582698 0.048960209595546096
 0 0 0 0 0 0 0 0 0 0.02305084745762712
 0 0 0 0 0 0 0 0 0 0


