# Created by Octave 8.4.0, Sat Dec 14 02:28:50 2024 CET <rt@rt-Victus>
# name: ovo40errors
# type: matrix
# rows: 10
# columns: 10
 0 0.00086853533359652587 0.011026007911791936 0.0069686411149825784 0.0030599235019124521 0.015779266572637517 0.0087830419728063512 0.0028716770594026911 0.0092576864277221001 0.0053908355795148251
 0 0 0.0079527559055118102 0.0087003806416530716 0.0027813095994914175 0.003699745128668914 0.0011058451816745656 0.0043053740293688015 0.017072977050742476 0.0044125758411472701
 0 0 0 0.031350814790305236 0.018389830508474578 0.026276474206872309 0.023829572246547658 0.015626278327742781 0.034888644254382248 0.015033173763332493
 0 0 0 0 0.0050112753695815589 0.050900277008310249 0.0054776329985890947 0.013956114875766376 0.040477382740777834 0.021109271523178808
 0 0 0 0 0 0.011364645298765871 0.010714285714285714 0.011811348806475592 0.0071837851706148979 0.039945721312865744
 0 0 0 0 0 0 0.023370667607372785 0.0081293855895943866 0.046398154719659336 0.017414248021108178
 0 0 0 0 0 0 0 0.0015595501928917343 0.012065596057439034 0.0023594842841493215
 0 0 0 0 0 0 0 0 0.0099042588312974571 0.049205829376125755
 0 0 0 0 0 0 0 0 0 0.022627118644067797
 0 0 0 0 0 0 0 0 0 0


