# Created by Octave 8.4.0, Fri Dec 13 21:54:06 2024 CET <rt@rt-Victus>
# name: ovo40errors
# type: matrix
# rows: 10
# columns: 10
 0 0.00071061981839715756 0.010773503913811969 0.0073004811680769865 0.0031449213769655757 0.015426657263751763 0.0088674942994679505 0.0031178208073514933 0.0089179548156956001 0.0048854447439353101
 0 0 0.0079527559055118102 0.0089334265516973505 0.0029402415766052129 0.0040286113623283727 0.00094786729857819908 0.0039209656338894438 0.016199475899309139 0.0040973918524938929
 0 0 0 0.031350814790305236 0.018305084745762711 0.026012830652957203 0.023745368811047492 0.015217213450053179 0.035058006605131677 0.015285126396237508
 0 0 0 0 0.0053453603942203286 0.050986842105263157 0.0056436218773342189 0.014601484349790255 0.040727758304122848 0.020943708609271524
 0 0 0 0 0 0.011631004172955695 0.010459183673469388 0.011811348806475592 0.0073548276746771574 0.039776100415571197
 0 0 0 0 0 0 0.024605344386630215 0.0083861030292657884 0.045688431511710433 0.018029903254177661
 0 0 0 0 0 0 0 0.00098497906919477966 0.012235534030079022 0.0022752169882868461
 0 0 0 0 0 0 0 0 0.0099867943215582698 0.049778942197478304
 0 0 0 0 0 0 0 0 0 0.022542372881355931
 0 0 0 0 0 0 0 0 0 0


