# Created by Octave 8.4.0, Sat Dec 14 02:32:13 2024 CET <rt@rt-Victus>
# name: ovo860Balerrors
# type: matrix
# rows: 10
# columns: 10
 0 0.00018446781036709093 0 9.2233905183545465e-05 9.2233905183545465e-05 0.00064563733628481825 0.00064563733628481825 9.2233905183545465e-05 0 0
 0 0 0.00027670171555063639 0 0.00083010514665190929 0 0.00064563733628481825 0.0011068068622025456 0.00073787124146836372 0.00055340343110127279
 0 0 0 0 0 0 9.2233905183545465e-05 0.001383508577753182 0 0
 0 0 0 0 0 0.00018446781036709093 0 0 0.00018446781036709093 0.00055340343110127279
 0 0 0 0 0 0 0.00027670171555063639 9.2233905183545465e-05 0 0.0033204205866076372
 0 0 0 0 0 0 0.00027670171555063639 0 0.00027670171555063639 0
 0 0 0 0 0 0 0 0 0 0
 0 0 0 0 0 0 0 0 0.00036893562073418186 0.0032281866814240917
 0 0 0 0 0 0 0 0 0 0.00018446781036709093
 0 0 0 0 0 0 0 0 0 0


