# Created by Octave 8.4.0, Fri Dec 13 23:51:32 2024 CET <rt@rt-Victus>
# name: ovo860errors
# type: matrix
# rows: 10
# columns: 10
 0 0.00015791551519936834 0 0 0.00025499362515937101 0.00052891396332863192 0.0011823325732623934 0.00024614374794880211 0.00016986580601324953 8.4231805929919142e-05
 0 0 0.00086614173228346462 0.00046609182008855747 0.00087412587412587413 8.221655841486475e-05 0.00023696682464454977 0.0014607519028215577 0.001429365520527277 0.00086675596879678518
 0 0 0 8.2719827942757883e-05 0 0 8.4203435500168405e-05 0.0014726335596825656 0 0
 0 0 0 0 0 0.0006925207756232687 0 0.00040335592126492415 0 0.00016556291390728477
 0 0 0 0 0 0 0.00034013605442176868 0.0009911621376063435 0 0.0039012806377745736
 0 0 0 0 0 0 0.00026457359555516361 0 0.00044357700496806243 0
 0 0 0 0 0 0 0 8.2081589099564962e-05 8.4968986319993199e-05 0
 0 0 0 0 0 0 0 0 0.00033014196104324861 0.0018012117242508596
 0 0 0 0 0 0 0 0 0 0.00025423728813559322
 0 0 0 0 0 0 0 0 0 0


