# Created by Octave 8.4.0, Thu Nov 21 18:57:27 2024 CET <rt@rt-Victus>
# name: ovo860errors
# type: matrix
# rows: 10
# columns: 10
 0 7.8957757599684169e-05 0.00016833599865331202 0.00049776007964161273 0.00025499362515937101 8.8152327221438644e-05 0.00050671395996959719 0.00082047915982934034 0 0.0016004043126684635
 0 0 0.00070866141732283468 0.00023304591004427873 0.00063572790845518119 0.0001644331168297295 0.00039494470774091627 0.0012301068655339433 0.0013499563249424282 0.00031518398865337642
 0 0 0 0 8.4745762711864412e-05 0 0.00025261030650050522 0.0015544465352204859 0 0.00025195263290501388
 0 0 0 0 0 0.00043282548476454292 0 0.00048402710551790902 0.00041729260557502918 8.2781456953642384e-05
 0 0 0 0 0 0 0.00059523809523809529 0.00041298422400264312 0 0.00067848358917818672
 0 0 0 0 0 0 0.00035276479407355147 0 0.00026614620298083747 0
 0 0 0 0 0 0 0 0 0 0
 0 0 0 0 0 0 0 0 0.00024760647078243646 0.001473718683477976
 0 0 0 0 0 0 0 0 0 0.00016949152542372882
 0 0 0 0 0 0 0 0 0 0


