# Created by Octave 8.4.0, Sat Dec 14 02:29:06 2024 CET <rt@rt-Victus>
# name: ovr40errors
# type: matrix
# rows: 10
# columns: 1
 0.010983333333333333
 0.0096666666666666672
 0.027616666666666668
 0.031866666666666668
 0.023800000000000002
 0.068349999999999994
 0.018116666666666666
 0.018533333333333332
 0.049849999999999998
 0.0511


