# Created by Octave 8.4.0, Sat Dec 14 00:42:02 2024 CET <rt@rt-Victus>
# name: ovr40errors
# type: matrix
# rows: 10
# columns: 1
 0.011016666666666666
 0.0094666666666666666
 0.027416666666666666
 0.031816666666666667
 0.023349999999999999
 0.067533333333333334
 0.017299999999999999
 0.018499999999999999
 0.049149999999999999
 0.051633333333333337


