# Created by Octave 8.4.0, Fri Dec 13 21:54:23 2024 CET <rt@rt-Victus>
# name: ovr40errors
# type: matrix
# rows: 10
# columns: 1
 0.011033333333333332
 0.0093500000000000007
 0.026866666666666667
 0.030683333333333333
 0.023283333333333333
 0.06801666666666667
 0.018833333333333334
 0.019516666666666668
 0.049149999999999999
 0.05188333333333333


