# Created by Octave 8.4.0, Thu Nov 21 19:07:44 2024 CET <rt@rt-Victus>
# name: ovr40errors
# type: matrix
# rows: 10
# columns: 1
 0.011133333333333334
 0.0095166666666666663
 0.027516666666666665
 0.030783333333333333
 0.023300000000000001
 0.067816666666666664
 0.017899999999999999
 0.018833333333333334
 0.049733333333333331
 0.051216666666666667


