# Created by Octave 8.4.0, Fri Dec 13 23:48:16 2024 CET <rt@rt-Victus>
# name: ovr40errors
# type: matrix
# rows: 10
# columns: 1
 0.011050000000000001
 0.0097166666666666669
 0.027433333333333334
 0.030733333333333335
 0.023233333333333335
 0.067716666666666661
 0.017033333333333334
 0.019183333333333333
 0.048916666666666664
 0.051400000000000001


