# Created by Octave 8.4.0, Fri Dec 13 21:29:47 2024 CET <rt@rt-Victus>
# name: ovr860errors
# type: matrix
# rows: 10
# columns: 1
 0.0016666666666666668
 0.0020833333333333333
 0.0037666666666666669
 0.0051999999999999998
 0.0026166666666666669
 0.0045500000000000002
 0.0022000000000000001
 0.0047333333333333333
 0.0068833333333333333
 0.005933333333333333


