# Created by Octave 8.4.0, Thu Nov 21 19:01:30 2024 CET <rt@rt-Victus>
# name: ovr860errors
# type: matrix
# rows: 10
# columns: 1
 0.0017833333333333334
 0.0016999999999999999
 0.0035666666666666668
 0.0054166666666666669
 0.0029833333333333335
 0.0045333333333333337
 0.0023500000000000001
 0.0048833333333333333
 0.0060333333333333333
 0.0067666666666666665


