# Created by Octave 8.4.0, Fri Dec 13 23:55:37 2024 CET <rt@rt-Victus>
# name: ovr860errors
# type: matrix
# rows: 10
# columns: 1
 0.0017833333333333334
 0.0026333333333333334
 0.0040499999999999998
 0.0053
 0.0031833333333333332
 0.0048666666666666667
 0.0018666666666666666
 0.0039166666666666664
 0.005966666666666667
 0.0063166666666666666


